[gd_scene load_steps=7 format=2]

[ext_resource path="res://objects/Terrain/Terrain.tscn" type="PackedScene" id=1]
[ext_resource path="res://objects/player/Player.tscn" type="PackedScene" id=2]
[ext_resource path="res://objects/camera/Camera.tscn" type="PackedScene" id=3]
[ext_resource path="res://objects/camera/LookTarget.tscn" type="PackedScene" id=4]
[ext_resource path="res://objects/interactable/Pickup/Wood/Stick.tscn" type="PackedScene" id=5]
[ext_resource path="res://objects/interactable/WoodPile/WoodPile.tscn" type="PackedScene" id=6]

[node name="Spatial" type="Spatial"]

[node name="Terrain" parent="." instance=ExtResource( 1 )]

[node name="TerrainNavigation" parent="Terrain" index="0"]
draw_path = true

[node name="Player" parent="." instance=ExtResource( 2 )]
transform = Transform( 1, 0, 0, 0, 1, 0, 0, 0, 1, -14.6131, 0, -11.5225 )

[node name="Camera" parent="." instance=ExtResource( 3 )]
transform = Transform( 1, 0, 0, 0, 0.845224, 0.534411, 0, -0.534411, 0.845224, 5.11667, 4.01124, -0.338988 )
look_target = NodePath("../LookTarget")

[node name="LookTarget" parent="." instance=ExtResource( 4 )]
transform = Transform( 1, 0, 0, 0, 1, 0, 0, 0, 1, -5.80777, 2.03115, -6.81098 )

[node name="Vertical Camera Path" parent="LookTarget" index="0"]
transform = Transform( 1, 0, 0, 0, 1, 0, 0, 0, 1, 0, 0, 0 )

[node name="PathFollow" parent="LookTarget/Vertical Camera Path" index="0"]
transform = Transform( 0.996728, 0.0710884, 0.0383931, 0.0191459, -0.669489, 0.742577, 0.0784919, -0.73941, -0.668658, 0.0844008, 7.11965, 14.9909 )
offset = 11.9246

[node name="Stick" parent="." instance=ExtResource( 5 )]
transform = Transform( 1, 0, 0, 0, 1, 0, 0, 0, 1, -3.88298, 0, -10.8062 )

[node name="WoodPile" parent="." instance=ExtResource( 6 )]
transform = Transform( -0.973095, 0, 0.230406, 0, 1, 0, -0.230406, 0, -0.973095, -11.387, 0, -1.42588 )

[editable path="Terrain"]

[editable path="Camera"]

[editable path="LookTarget"]
